12.28376203484147310974
12.25941439488269679714
12.25013222552721003922
12.24598885415345250749
12.24549610376681130219
12.24545723113439521512
12.24543650867290978113
12.24543250169870134414
12.24542951301503990180
12.24542837585660493005
12.24542799520180835771
12.24542776070381933096
12.24542759485254350693
12.24542755447643571642
12.24542753929711125238
12.24542753068959655138
12.24542752364533271248
12.24542751959887709745
12.24542751937960360920
12.24542751921200078868
12.24542751908066406941
12.24542751895901915304
12.24542751887987890314
12.24542751883292623916
12.24542751882296443000
12.24542751881445212803
12.24542751880660773622
12.24542751880332502878
12.24542751880156288280
12.24542751880066759895
12.24542751880056812297
12.24542751880052549041
12.24542751880049706870
12.24503246744987450256
12.18979482332065344963
12.15801467344971342754
12.11712694982782068109
12.07595999743233505797
11.95417697246500665642
11.93740482323831031408
11.88348721298149257564
11.85100680151188612399
11.83570401136657324059
11.78139312957252116121
11.78102900758409532500
11.78091671785566063591
11.78081573982777285892
11.78076465559772145753
11.78074150890513749346
11.78072927364338795542
11.78071945012491994476
11.78071230002672109549
11.78070972621338796671
11.78070782952367778762
11.78070736838857612838
11.78070697284152856810
11.78070686745887485358
11.78070677923602715964
11.78070676715906017762
11.78070675773795983332
11.78070674956845209636
11.78070674185931920874
11.78070674114559324153
11.78070674061281408740
11.78070674025241260097
11.78070673996607808931
11.78070673994146488894
11.78070673993529737800
11.78070673993013883774
11.78070673992546346653
11.78070673992239392192
11.78070673992121442097
11.78070673992117178841
11.78070673992115757756
11.78070673992114336670
11.78070673992112915585
11.76375904661668414519
11.74315193270454926733
11.71466789332622226993
11.70800951818949897643
11.70495358842617861228
11.70325394248489203619
11.70301670862966147979
11.70300704571351957384
11.70300508458960564440
11.70300499577899699943
11.70300492458929397799
11.70300489782620445567
11.70300487383590848367
11.70300485952236613230
11.70300485862726702635
11.70300485825643477256
11.70300485821758229577
11.70300485821024949473
11.70300485820891367439
11.70300485820879998755
11.70300485820878577670
11.67828442618704798406
11.56076330503489657531
11.54371889517695137783
11.53977027860229043199
11.53964248581308993380
11.53098159330605199102
11.47199678265305067271
11.45642458189435330951
11.41985086433300011777
11.39966159614809271261
11.36984995298246303719
11.35339808443025333418
11.30725897502891541535
11.29233896542154980125
11.29188245013054370247
11.29171008836391365548
11.29159966739042886275
11.29152963466322034947
11.29150889211157959835
11.29149037866579874390
11.29148866586594124328
11.29148703815275212037
11.29148602272779555733
11.29148599389246498959
11.29148598181662066509
11.29148597316613233943
11.29148596708397178645
11.29148596328664666544
11.29148596219377509442
11.29148596164915829831
11.29148596140117888353
11.29148596134055537732
11.29148596132500870226
11.29148596132131388003
11.29148596132120019320
11.25485821717789747254
11.19964021578353197128
11.09442906291594965751
11.05688301581311350219
10.99668889135702443127
10.96776192792184190239
10.96508583182074403339
10.94556589591763895442
10.94188791208179623027
10.93832698240601075668
10.93751599914722305584
10.93748815242345528986
10.93748346836278528826
10.93748265380288842152
10.93748222138486880795
10.93748221473816784055
10.93748221275275511744
10.93748221112159058066
10.93748221060695868800
10.93748221021780864248
10.93748221007493270918
10.93748220995212250273
10.93748220987370700641
10.93748220984774377484
10.93748220983096075543
10.93748220982890018149
10.93748220982784857824
10.93748220982706698123
10.93748220982642749277
10.93748220982617169739
10.93748220982602958884
10.93748220982594432371
10.86442163662124471557
10.84686684691325808672
10.83870045068300669300
10.81425780952375248489
10.80213526885779629083
10.80132948891669286695
10.76214733338827045372
10.73207819070688628926
10.71769295780663355799
10.67254052731408364707
10.64670314717722021669
10.63987226544139730322
10.59012781081356990853
10.57949179352934265808
10.57108202428469212464
10.56486101575318059531
10.52155682211737541820
10.49819319745151346979
10.49298969706119066814
10.47620075927741822852
10.41922986376383164497
10.41614764250334701501
10.39894082481271198048
10.33023827139055583757
10.26758922606664725663
10.25989135019254661074
10.25735293817632509672
10.22339950190908552941
10.17966528306651241564
10.12509569517385443760
10.08463511682261071201
10.04024519207005994303
9.99533423183154923208
