12.76236107509132011728
12.75988395107596318212
12.71554121830563133244
12.63551673867162605802
12.60044923008248929364
12.57239142713234514304
12.55498264785296669288
12.54697520422055845302
12.49971381645273993399
12.49164944047379322001
12.48911331343445851871
12.48805964073231677958
12.48803814670822021071
12.48803585641840641074
12.48803410636445221371
12.48803256835488184606
12.48803141844113895331
12.48803060464382497230
12.48803003608094286392
12.48802986873212717001
12.48802970692256053553
12.48802955625446031718
12.48802942617587063978
12.48802936643410532724
12.48802932453398284451
12.48802931058008880427
12.48802930623003248911
12.48802930261047094973
12.48802930196264071583
12.48802930161399160625
12.48802930144188394479
12.48802930133768995802
12.48802930129271260284
12.48802930126640831077
12.48802930124935528511
12.48802930124055876604
12.48802930123277121766
12.48802930122600685081
12.48802930122531051893
12.48802930122489840414
12.48802930122450050021
12.48802930122417365055
12.48802930122407417457
12.48802930122400312030
12.48802930122398890944
12.48802930122397469859
12.48029619250776534045
12.47052208939754791572
12.45823876479532543726
12.45812025796350042128
12.45740591301576216665
12.43187124291489453753
12.41136523818883574677
12.35686230981710309607
12.34543696117390254585
12.34539450373853242127
12.29845388640430314808
