9.96607400740199977918
9.93915840430545927120
9.92472571939586600820
9.91555432245570500527
9.91414278924159475537
9.85599405712987675088
9.80023629207376245631
9.79903753875979077748
9.74045000520693804447
9.73848055974400494961
9.64596153171740411381
9.62397451480475751850
9.61309801944460673440
9.56916122225312903993
9.54897969469271856724
9.53273630129660887178
9.49300324430495834349
9.45174968620682420806
9.44738633104284986075
9.43833494165710362722
9.41034352390407491384
9.37849626351393794721
9.31903889143410424367
9.30067633783130531810
9.29813808738470015669
9.29805602699049416060
9.29803706113484906837
9.29803573910002967295
9.29803531570652808114
9.29803509984326126414
9.29803493009070791686
9.29803483179526324420
9.29803480793329129028
9.29803479360198537051
9.29803478811670913728
9.29803478451479747946
9.29803478146297379681
9.29803477942786571475
9.29803477741140227408
9.29803477703352143635
9.29803477696665936492
9.29803477693745605848
9.29803477691713453623
9.29803477689914359416
9.29803477688679436142
9.29803477687525514739
9.29803477687461565893
9.29803477687417512243
9.29803477687401880303
9.29803477687391932704
9.29803477687383406192
9.29803477687380564021
9.29803477687377721850
9.28550352018339708593
9.20897617780046573444
9.20632065736607785311
9.20538280290610089196
9.20529652532873399196
9.20434198588678498254
9.20429134269248550027
9.13914139190030994087
9.13510907953234152501
9.08547122235653148437
9.08163609633372459484
9.06927662276285673215
8.99736205958822665707
8.97577161043909654836
8.93727258769426669005
8.92480526348457203767
8.86502204881088573529
8.80534287685524930112
8.80411985880385827841
8.79311362736839896570
8.79239535391492665894
8.77951225180828487282
8.77702428905483600374
8.75625474597160291523
8.73258749052912719435
8.73156510251389761379
8.71524664164969919966
8.70001996967006618888
8.69251539028206821058
8.66060993827061054162
8.60051685510164531934
8.54991600798824435969
8.53975442323046252113
8.53378232239171552465
8.51801988499917683839
8.49245640774356047586
8.49201510181610785821
8.48693718401578678368
8.48624170927809018394
8.48490139117825492576
8.48389619890886592657
8.48363883920822559048
8.48025898753078877235
8.47366819227798373504
8.46017244636038867611
8.45860126963762581909
8.44307931911203013442
8.40190787808418804161
8.39871327903310316287
8.39086758123929143949
8.36720466014074304439
8.36107661964909709695
8.34036371990940494925
8.32278704709368355452
8.30514286768888609913
8.29702192431278717777
8.29277211485289456050
8.26212550884612539903
8.26100277116148618006
8.23861339531687519866
8.22897037896714778071
8.18278424368573098491
8.15031899943180349055
8.15016327161053766304
8.11912740269316657304
8.06239611063551819825
8.04335635423370831631
8.01757227540818462330
