7.93713917832165805066
7.93143441879912813874
7.93014728788371314749
7.92997041058936247282
7.92991538379368421374
7.92525024805176769860
7.92523764525384422086
7.90593224412744177698
7.90436018929450767700
7.90367501601312483217
7.90348787697979560107
7.90336157398273542185
7.90329665689985461086
7.90328287407044172141
7.90327600010165554067
7.90327276991374105819
7.90327181494245678550
7.90327167858112034082
7.90327160502566528066
7.90327156199730040953
7.90327154036880585863
7.90327154008468824031
7.90327153981510832637
7.90327153968033258025
7.90327153961374051505
7.90327153960571138214
7.90327153960113548692
7.90327153959933070837
7.90327153959759698409
7.90327153959746908640
7.90327153959741224298
7.90327153959738382127
7.90327153959736961042
