37.993944
37.394946
37.306014
36.723850
36.135623
35.425264
34.626362
33.878945
33.342936
33.313000
33.302444
33.296104
33.291153
33.288356
33.286442
33.285145
33.284648
33.284430
33.284221
33.284196
33.284192
33.284188
33.284188
33.284188
33.284188
33.284188
33.284188
33.284188
33.284188
33.284188
33.284188
33.284188
33.284188
33.284188
33.284188
33.284188
33.284188
33.284188
32.503881
32.007014
31.995719
31.993571
31.991682
31.990300
31.989177
31.989028
31.988994
31.988988
31.988987
31.988987
31.988986
31.988986
31.988986
31.988986
31.988986
31.988986
31.988986
31.988986
31.988986
31.988986
31.988986
31.988986
31.730926
31.381710
31.281399
30.916850
30.241202
29.835709
29.215871
28.579298
28.337229
27.721412
27.633989
27.424400
26.902255
26.415577
25.791671
25.570069
25.562707
25.446080
25.413186
25.367697
25.000281
24.915738
24.606115
24.453191
24.307020
24.231282
24.220754
24.220201
24.220183
24.220167
24.220157
24.220153
24.220150
24.220149
24.220148
24.220148
24.220148
24.220148
24.220148
24.220148
24.220148
24.220148
24.220148
24.220148
24.220148
24.220148
24.220148
24.220148
24.220148
24.220148
24.220148
24.220148
23.685153
23.591510
23.547233
23.533891
23.488797
23.359042
22.758254
22.621518
22.575657
22.444740
22.307220
22.266378
22.116649
22.050039
22.042004
22.041054
22.040082
22.039036
21.657228
21.650687
21.289718
21.018702
20.978297
20.516445
20.501460
20.451138
20.401518
20.377239
20.375428
20.373856
20.373620
20.372093
20.372091
20.372090
20.372089
20.372089
20.372089
20.372089
20.372089
20.372089
20.372089
20.372089
20.372089
20.372089
20.372089
20.372089
20.372089
20.372089
20.372089
20.372089
20.372089
20.372089
20.372089
20.372089
20.211412
20.075406
20.032374
19.733811
19.573292
19.557000
19.186392
19.097770
18.884117
18.659840
18.650585
18.561409
18.207680
18.152584
17.972018
17.909332
17.859125
17.858378
17.672799
17.494159
17.426256
17.346013
17.251268
17.199833
17.183838
17.182043
17.180298
17.178897
17.178660
17.178546
17.178522
17.178515
17.178510
17.178508
17.178507
17.178507
17.178507
17.178507
17.178507
17.178507
17.178507
17.178507
17.178507
17.178507
17.178507
17.178507
17.178507
17.178507
17.178507
17.178507
17.178507
17.178507
17.083858
16.989049
16.920632
16.891837
16.876474
16.870728
16.866438
16.863268
16.862016
16.860421
16.859625
16.859490
16.859423
16.859419
16.859414
16.859411
16.859408
16.859407
16.859407
16.859407
16.859407
16.859407
16.859407
16.859407
16.859407
16.859407
16.859407
16.859407
16.859407
16.859407
16.859407
16.859407
16.859407
16.859407
16.859407
16.859407
16.859407
16.859407
16.859407
16.859407
16.648571
16.615414
16.603688
16.598821
16.421956
16.346938
16.335492
16.227537
16.19964065310570333622
15.94095917432892406396
15.76055512223946664108
15.73116336631403555657
15.54294871251303788995
15.46707939820831256839
15.31640568514262668032
15.22891070198238594458
