38.08349580388362198846
38.00060844324671904815
37.22008239834841702987
36.75305325952381707566
36.42117340318984730629
35.76250397173809858486
35.64045580907756516353
35.08345561318452610067
34.59518775568629678219
33.80409331730709254771
33.36908235131346600610
33.18758160208872709518
33.14667828494887658053
33.06663004993995969016
33.06453570357740545660
32.53231961312344822090
32.51422973739730082343
32.50974168585892698502
32.50905398593883433023
32.50871165653866512457
32.50871008720268662273
32.50870877736947761605
32.50870870643269938682
32.50870865742102466811
32.50870864647470170894
32.50870864423865214121
32.50870864421308681358
32.50870864419388794886
32.50870864418537564688
32.50870864417802863500
32.50870864417694861004
32.50870864417659333867
32.50870864417623806730
32.50870864417616701303
32.50870864417612438046
32.50870864417608174790
31.97950026450753568952
31.77602111654820760123
31.04182334181656699457
30.24276362980324961427
29.90912394880740521330
29.68726582811295600095
29.21121077084485762043
29.13933051797272355543
28.55683839416262514987
27.90858299282804466657
27.81929205723933762329
27.78881420524668044436
27.21970234752689066227
26.66247887915272940518
26.62475291734214977168
26.09546889613730513702
25.88156039647630279887
25.64229012844133137605
25.51979620878331900258
25.40359402319649007040
25.39517060575717266602
25.38785864592799157435
25.38721963223424893386
25.38677463307756454469
25.38675983463642182869
25.38675682323325588641
25.38675539006597148273
25.38675403860791846000
25.38675380978337159377
25.38675372007155317533
25.38675363709367616138
25.38675362285472658641
25.38675361617990233754
25.38675361533559282634
25.38675361529723772946
25.38675361529499241442
25.38675361529301710561
25.38675361529146812245
25.38675361529035967578
25.38675361529007545869
24.69219021876828890072
24.50622744441130862469
24.22369596206489461565
24.16781800492607601427
23.91607192291651529104
23.51974606796312627921
23.21131861816034813728
22.92596029235097887522
22.78345675002550763111
22.77881681489850507205
22.77853709703974516287
22.77848977933281560126
22.77848513074602010420
22.77848388452410688387
22.77848332744649439974
22.77848308554344214372
22.77848285736858713335
22.77848285621581680971
22.77848285519681326150
22.77848285493261926149
22.77848285475607781336
22.77848285465945821215
22.77848285462030730741
22.77848285461882937852
22.77848285461784882955
22.77848285461691091314
22.77848285461621458126
22.77848285461620037040
22.77848285461618615955
22.77848285461617194869
22.41424373727858210259
22.10661678316336065109
21.99097436763291568695
21.98855538420239952302
21.98089163307642479595
21.96142229486505925706
21.53709863167919991156
21.40782100601765591819
21.07452017003650723836
21.01859130408894316133
21.01329488425064084822
21.01245427465767079411
21.01160049165699206242
21.01086086981000278229
21.01085856699296527950
21.01085762006390211809
21.01085760450268935529
21.01085760277953795594
21.01085760257355161684
21.01085760242223443583
21.01085760234329313789
21.01085760230982657504
21.01085760229516097297
21.01085760229132404220
21.01085760229078402972
21.01085760229074139716
20.60694184519412885948
20.57414529174960193814
20.03261261486719035929
19.87824648823149686905
19.47875782254735099741
19.00351079206640747543
18.60268572048599367008
18.39132212782736530698
18.33827098316839965264
18.23607614749653293984
18.22440271943590062165
18.22392460952285375697
17.67126466738645262922
17.44579811279422187908
16.91646009732997413266
16.75066404358200600200
16.72126957711122940964
16.47807685848350445212
16.32037030935838117784
16.18775685070355052630
16.15965066992032461712
16.11378359826080952644
16.11196717214251350470
16.10832752038488990820
15.97316160731210743506
15.88966706329703981737
15.68019254519479943610
15.46242612147011641355
15.39946674585090136134
15.35524301791859613786
15.12720617170781167715
14.87252038101100026779
14.44072501724642165755
14.37223498388105724644
14.29727534775715014348
14.04765706927145174632
13.98822429874043393738
13.95103750203912795769
13.87363458067721921907
13.68994100895113774641
13.60162395489545872351
13.57281658979128735609
13.33559891972292632545
13.29959229082510319131
13.29281688965060936880
13.28991137095994190531
13.28881694885654951577
13.28814939652603754894
13.28728722586122046323
13.28698355345537152061
13.28680912919328704902
13.28668361853868873368
13.28656402437729866506
13.28656021123141783846
13.28656015706414450506
13.28656011276051174264
13.28656011264011738149
13.28656011252576263360
13.28656011246353330080
13.28656011241513112964
13.28656011239148426739
13.28656011237184486617
13.28656011235725031838
13.28656011234998857162
13.28656011234710376812
13.28656011234568268264
13.28656011234454581427
13.28656011234369316298
13.28656011234359368700
13.28656011234356526529
13.28656011234355105444
13.25986501879204126908
13.15878366798958154504
13.08376831164473230729
13.06657555114097135629
12.87597577202554077758
12.80278236567671967805
12.79672435676846475872
12.64482060028007026631
12.62392920846117760902
12.39380267252246881071
12.34121732433656859484
12.24781642521048752315
12.09559416516043484080
11.97449392199615658683
11.95874182608167757280
11.94144688362182193941
11.89090126947847636529
11.83808769676684846672
11.82414423478519438504
11.82271289790244850337
11.82237838161900356226
11.82234281465761682739
11.78253707622357637774
11.72773975864170381556
11.70649776155154597745
11.70523005227009605278
11.70463741143936431399
11.60098974440825259080
11.52178227209866179237
11.51344164110814460855
11.44015585670628354364
11.33381916433231140218
11.33154609841204774057
11.18094049290958480469
11.17072946673637545700
10.97084666624139970281
10.95062327957531067568
10.91614651692736970290
10.82476910548380999444
10.70245687135928847056
10.64162484091862381774
10.60557913593298451360
10.53647806056267199892
10.52129014296123443728
10.51749248561178262662
10.51742639857393157854
10.51741501497153308264
10.51741396481473600488
10.51741294837697182629
10.51741230223898071472
10.51741226526411310260
10.51741226117924554728
10.51741226093430725541
10.51741226092195802266
10.51741226092157432959
10.51741226092138958847
10.51741226092131853420
10.51741226092124747993
10.51741226092123326907
10.51741226092121905822
10.51741226092119063651
10.44842261197638322301
10.40001306908887102054
10.27946732289763076551
10.26433219266850471740
10.11266665669586473086
10.10260982685737474185
10.09159254574097985824
10.09029789839844681865
10.08805937489597681633
10.08684434838922072686
10.08656572800784090305
10.08643558983064281165
10.08636983635101103118
10.08629038967602298271
10.08623543422426394045
10.08620628290387344350
10.08619253138387250601
10.08618637660877936923
10.08618282494006734851
10.08617984770556574858
10.08617954872505606545
10.08617949361544674503
10.08617945709052321490
10.08617945095710410897
10.08617944677217792560
10.08617944620162631963
10.08617944616456441054
10.08617944613618533367
10.08617944611764016827
10.08617944610368510894
10.08617944610058714261
10.08617944609960659363
10.08617944609933658739
10.08617944609916605714
10.08617944609906658116
10.08617944609905237030
10.08617944609903815945
10.08617944609900973774
10.08617944609899552688
10.08617944609898131603
10.08617944609896710517
9.98902267969494062072
9.98197332331010045436
9.90131673231707054583
9.89197300716509175800
9.88447265656797924294
9.74064441859009377822
9.74063554368518680349
9.74062931809889676060
9.74062921402541803673
9.74062916029934910966
9.74062915122634365162
9.74062914405647006788
9.74062914095513576740
9.74062913855429712839
9.74062913681434849877
9.74062913508649330652
9.74062913480985059778
9.74062913459512458303
9.74062913444632272331
9.74062913430168464402
9.74062913426334375799
9.74062913425002818713
9.74062913424870657764
9.74062913424826604114
9.74062913424813814345
9.74062913424805287832
9.74062913424801024576
9.74062913424798182405
9.74062913424793919148
9.74062913424792498063
9.73545556526512712026
9.71812624515719392093
9.69538782596002590708
9.68033654177826008436
9.67710082332855847653
9.67397518714093962444
9.67186663570075211283
9.67059632057542728489
9.67044001450534551623
9.67035321528936719915
9.67027979619069810724
9.67021743443183368072
9.67019774686998800917
9.67019285123316763020
9.67018996214160608815
9.67018983673642651411
9.67018981832895008210
9.67018981100332553069
9.67018980724290599937
9.67018980474975364814
9.67018980322711740882
9.67018980224682422886
9.67018980144855788694
9.67018980125997984487
9.67018980108920800376
9.67018980099000202699
9.67018980091228286256
9.67018980083591372932
9.67018980082737300563
9.67018980082718826452
9.67018980082717405367
9.66804631706897055210
9.63251684765609184069
9.62368092751141546159
9.62345477710148600181
9.62342282286429906435
9.62341064208322904960
9.62340371562655150228
9.62340365470748793086
9.62340364873490727859
9.62340364493225308706
9.62340364151472726917
9.62340363832522882603
9.62340363729164494089
9.62340363720346658738
9.62340363716106139691
9.62340363716066349298
9.62340363716046454101
9.62340363716020874563
9.62340363716003821537
9.62340363715981084169
9.60095910039744637743
9.59383967288427186304
9.58956011606130687142
9.53600406810622303055
9.51515004435148625817
9.46686641641080939280
9.44237550801024383418
9.40047370033079232599
9.29597317051585037007
9.22072489810727802251
9.22004964790249914586
9.17316953976541071825
9.14264605139840114134
9.14021211197535876636
9.13993548785013842917
9.13944096852925724761
9.12214070227236106803
9.10922228667153888182
9.10859461371417467035
9.05910257356589454503
9.05849265027774208647
9.05234752042066759259
9.05017371485577371004
9.04919254710364384664
9.03700644493859783779
9.02185190241594625604
9.01918727321059066071
9.01908833033961343517
9.01896976721818077749
9.01890605169303682942
9.01890040713502116887
9.01888382644706609881
9.01888326258480788056
9.01888310376668300705
9.01888305026280079346
9.01888300884856164430
9.01888297154047791082
9.01888294989328187512
9.01888293362151216570
9.01888292437995175987
9.01888292071851083165
9.01888292000657543213
9.01888291947341258492
9.01888291921170548449
9.01888291918567119865
9.01888291916897344436
9.01888291916034745554
9.01888291915709316982
9.01888291915680895272
9.01888291915679474187
9.01888291915678053101
9.01888291915675210930
9.00929563818867507052
8.99216675788009922599
8.95886706176567315651
8.94010671523736277777
8.94003963190307615605
8.93931070988155340729
8.93291101482111571386
8.92666343329884170998
8.92056078287357934187
8.92035706607487099973
8.92003876153383146175
8.91790525732622541000
8.91543283762446492346
8.91542671260168617664
8.91542627925322506144
8.91542610865720064339
8.91542607325632729953
8.91542606789866454164
8.91542606405336357511
8.91542606341043608609
8.91542606306695972762
8.91542606288899719402
8.91542606280272309505
8.91542606275901050594
8.91542606272084015018
8.91542606269351267656
8.91542606268663462288
8.91542606268627935151
8.91542606268616566467
8.91542606268606618869
8.91542606268599513442
8.91542606268592408014
8.91542606268590986929
8.91542606268588144758
8.91389703868286176203
8.90072405039670400129
8.89350661357097749260
8.88076518773826251163
8.84363166752501683732
8.84114667736278647681
8.83279769149631022174
8.80544410648769826366
8.75506345306148148211
8.74668034535584126843
8.73657005544892228954
8.73267915509939030017
8.72762051802526173105
8.72735136414277690164
8.72696989662500755003
8.71768273172163787876
8.68494609361670200087
8.68128673380741133769
8.68071413742811159864
8.68068419873144137000
8.67477234012788755990
8.66737354533728421302
8.66730670031411420950
8.66134678253693834904
8.59937519619695933670
8.59664368918627985749
8.57463110878872214471
8.54256014857047318856
8.52681750101017144061
8.50239313901359139436
8.50214653495294214736
8.48152955775569239449
8.48151808509949489689
8.48151747291788637995
8.48151743036495986416
8.48151740454775904254
8.48151740059334713351
8.48151740058881387085
8.48151740058560221769
8.48151740058260372734
8.48151740058254688392
8.48151740058253267307
8.46629937007369903768
8.44957709590491390372
8.43440538112652404834
8.43291216473707549994
8.42655638414039742656
8.42109069544892463455
8.41546641201773581997
8.41227215158710350806
8.41119816649977281031
8.41032196605597448524
8.41001459538679796424
8.41001456352816489925
8.41001455274016507246
8.41001454381867574739
8.41001453669754539533
8.41001453595970360766
8.41001453542541810293
8.41001453523028885684
8.41001453505018048418
8.41001453500601314772
8.41001453498127204966
8.41001453496174633528
8.41001453494254747056
8.41001453493190354038
8.41001453492953032764
8.41001453492812345303
8.41001453492761186226
8.41001453492735606687
8.41001453492732764516
8.41001453492729922345
8.41001453492727080175
8.39702668302479082740
8.38736935668256933241
8.35734622360195089641
8.34889137681153670201
8.34432971804621104184
8.34363106954501176915
8.34350064405687419367
8.34348670355147703503
8.34347702922732992192
8.34347408939227364044
8.34347169379368835962
8.34346983588469015558
8.34346800231446650287
8.33978186467294335671
8.33840745750941891856
8.33773790084617871798
8.33758820321618543403
8.33758533910632593233
8.33758460745059437613
8.33758454230260781515
8.33758450934705308555
8.33758449178131400004
8.33758448265264462407
8.33758447471645069982
8.33758447004284164450
8.33758446557851584657
8.33758446214098114524
8.33758446065996849939
8.33758445932899405761
8.33758445807151815643
8.33758445728255992435
8.33758445714981633046
8.33758445702237338537
8.33758445698541095226
8.33758445696923899959
8.33758445696146566206
8.33758445696084038445
8.33758445696045669138
8.33758445696039984796
8.33758445696037142625
8.31129129349257311787
8.30986595922888682253
8.22963153742513497946
8.21966637525267174169
8.21883915179408575113
8.21850001046777833835
8.21827754558825063214
8.21827722341014066387
8.21827714930593344889
8.21827709474526102440
8.21827708737656337235
8.21827708239268872603
8.21827707964544629249
8.21827707894166792357
8.21827707835774390333
8.21827707809578100751
8.21827707809082141921
8.21827707808839136305
8.21827707808715501869
8.21827707808617446972
8.21827707808604657203
8.21827707808597551775
8.21827707808593288519
8.21827707808591867433
8.21827707808590446348
8.19545862806495506447
8.18982483217388335106
8.18937663390606473968
8.17225595377900049243
8.16832484201086117537
8.16612650631991243699
8.15798217568020334056
8.13468065370042836548
8.10259061804448776911
8.06568686673506363149
8.06365031371315410524
8.01682370101448782407
8.01483176182426859668
8.01409907164490675768
7.99442895657993801706
7.95434005451510017792
7.95212650557417077835
